0.000000	0.000000	0.000000	0.000000	0.000000	0.000000	0.000000	0.000000	0.000000	0.000000	0.000000	0.000000	0.000000	0.000000	0.000000	0.000000	0.000000	0.000000	0.000000	0.000000	0.000000	0.000000	0.000000	0.000000	0.000000	0.000000	0.000000	0.000000	0.000000	0.000000	0.000000	0.000000	0.000000	0.000000	0.000000	0.000000	0.000000	0.000000	0.000000	0.000000	0.000000	0.000000	0.000000	0.000000	0.000000	0.000000	0.000000	0.000000	0.000000	0.000000	0.000000	0.000000	0.000000	0.000000	0.000000	0.000000	0.000000	0.000000	0.000000	0.000000	0.000000	0.000000	0.000000	0.000000	0.000000	0.000000	0.000000	0.000000	0.000000	0.000000	0.000000	0.000000	0.000000	0.000000	0.000000	0.000000	0.000000	0.000000	0.000000	0.000000	0.000000	0.000000	0.000000	0.000000	0.000000	0.000000	0.000000	0.000000	0.000000	0.000000	0.000000	0.000000	0.000000	0.000000	0.000000	0.000000	0.000000	0.000000	0.000000	0.000000	
0.000000	0.003356	0.006645	0.009835	0.012898	0.015812	0.018555	0.021115	0.023480	0.025645	0.027608	0.029374	0.030946	0.032335	0.033550	0.034605	0.035513	0.036288	0.036943	0.037493	0.037952	0.038330	0.038641	0.038893	0.039097	0.039260	0.039390	0.039493	0.039573	0.039636	0.039684	0.039721	0.039750	0.039771	0.039787	0.039799	0.039808	0.039815	0.039820	0.039823	0.039826	0.039827	0.039829	0.039830	0.039830	0.039831	0.039831	0.039831	0.039832	0.039832	0.039832	0.039832	0.039832	0.039832	0.039832	0.039832	0.039832	0.039832	0.039832	0.039832	0.039832	0.039833	0.039833	0.039834	0.039836	0.039838	0.039843	0.039849	0.039860	0.039875	0.039899	0.039934	0.039986	0.040059	0.040163	0.040307	0.040506	0.040775	0.041136	0.041614	0.042239	0.043050	0.044090	0.045415	0.047089	0.049196	0.051834	0.055135	0.059267	0.064462	0.071047	0.079504	0.090585	0.105534	0.126556	0.157935	0.208908	0.301998	0.499817	1.000000	
0.000000	0.006645	0.013157	0.019474	0.025542	0.031315	0.036753	0.041827	0.046518	0.050814	0.054713	0.058219	0.061345	0.064106	0.066524	0.068625	0.070433	0.071977	0.073285	0.074384	0.075300	0.076057	0.076679	0.077184	0.077593	0.077921	0.078182	0.078388	0.078550	0.078676	0.078774	0.078848	0.078906	0.078949	0.078982	0.079006	0.079024	0.079038	0.079047	0.079055	0.079060	0.079064	0.079066	0.079068	0.079069	0.079070	0.079071	0.079072	0.079072	0.079072	0.079072	0.079072	0.079072	0.079072	0.079073	0.079073	0.079073	0.079073	0.079073	0.079073	0.079073	0.079074	0.079075	0.079077	0.079081	0.079086	0.079095	0.079108	0.079129	0.079162	0.079210	0.079281	0.079385	0.079533	0.079742	0.080033	0.080431	0.080971	0.081692	0.082645	0.083890	0.085501	0.087566	0.090189	0.093499	0.097651	0.102840	0.109310	0.117380	0.127475	0.140188	0.156372	0.177309	0.205008	0.242777	0.296299	0.375718	0.499280	0.697277	1.000000	
0.000000	0.009835	0.019474	0.028827	0.037814	0.046365	0.054423	0.061946	0.068902	0.075276	0.081063	0.086270	0.090914	0.095018	0.098616	0.101742	0.104436	0.106737	0.108688	0.110328	0.111696	0.112828	0.113758	0.114515	0.115128	0.115620	0.116011	0.116321	0.116565	0.116754	0.116901	0.117015	0.117101	0.117166	0.117216	0.117253	0.117280	0.117301	0.117316	0.117327	0.117334	0.117340	0.117344	0.117347	0.117349	0.117351	0.117352	0.117352	0.117353	0.117353	0.117354	0.117354	0.117354	0.117354	0.117354	0.117354	0.117354	0.117354	0.117354	0.117355	0.117355	0.117356	0.117358	0.117361	0.117366	0.117375	0.117388	0.117409	0.117441	0.117490	0.117563	0.117670	0.117826	0.118049	0.118363	0.118798	0.119393	0.120197	0.121271	0.122686	0.124531	0.126913	0.129958	0.133817	0.138674	0.144747	0.152307	0.161690	0.173328	0.187782	0.205814	0.228478	0.257284	0.294446	0.343283	0.408805	0.498418	0.622148	0.790019	1.000000	
0.000000	0.012898	0.025542	0.037814	0.049608	0.060834	0.071416	0.081298	0.090440	0.098820	0.106432	0.113284	0.119398	0.124806	0.129548	0.133671	0.137226	0.140266	0.142844	0.145014	0.146824	0.148323	0.149556	0.150560	0.151374	0.152027	0.152548	0.152961	0.153285	0.153538	0.153734	0.153886	0.154001	0.154089	0.154155	0.154205	0.154242	0.154269	0.154289	0.154304	0.154315	0.154322	0.154328	0.154332	0.154335	0.154336	0.154338	0.154339	0.154340	0.154340	0.154340	0.154341	0.154341	0.154341	0.154341	0.154341	0.154341	0.154341	0.154341	0.154342	0.154343	0.154344	0.154347	0.154351	0.154358	0.154369	0.154387	0.154415	0.154458	0.154523	0.154621	0.154765	0.154972	0.155268	0.155683	0.156258	0.157043	0.158101	0.159511	0.161365	0.163777	0.166883	0.170842	0.175846	0.182120	0.189936	0.199619	0.211571	0.226290	0.244412	0.266764	0.294445	0.328937	0.372263	0.427167	0.497282	0.587051	0.700910	0.840663	1.000000	
0.000000	0.015812	0.031315	0.046365	0.060834	0.074609	0.087599	0.099735	0.110966	0.121265	0.130624	0.139053	0.146578	0.153237	0.159080	0.164163	0.168548	0.172301	0.175485	0.178167	0.180406	0.182262	0.183788	0.185034	0.186043	0.186855	0.187502	0.188016	0.188419	0.188735	0.188980	0.189168	0.189313	0.189423	0.189505	0.189568	0.189614	0.189648	0.189674	0.189692	0.189706	0.189715	0.189722	0.189727	0.189731	0.189733	0.189735	0.189736	0.189737	0.189738	0.189738	0.189739	0.189739	0.189739	0.189739	0.189739	0.189739	0.189739	0.189740	0.189740	0.189741	0.189743	0.189746	0.189752	0.189760	0.189774	0.189797	0.189832	0.189886	0.189968	0.190089	0.190267	0.190525	0.190890	0.191402	0.192110	0.193074	0.194372	0.196095	0.198357	0.201293	0.205061	0.209852	0.215885	0.223421	0.232767	0.244284	0.258409	0.275669	0.296715	0.322359	0.353627	0.391822	0.438586	0.495935	0.566191	0.651663	0.753826	0.871740	1.000000	
0.000000	0.018555	0.036753	0.054423	0.071416	0.087599	0.102866	0.117132	0.130341	0.142459	0.153475	0.163402	0.172268	0.180118	0.187010	0.193009	0.198188	0.202622	0.206387	0.209559	0.212211	0.214410	0.216220	0.217698	0.218896	0.219860	0.220631	0.221242	0.221723	0.222099	0.222391	0.222616	0.222789	0.222921	0.223020	0.223094	0.223150	0.223191	0.223222	0.223244	0.223260	0.223272	0.223281	0.223287	0.223291	0.223294	0.223296	0.223298	0.223299	0.223299	0.223300	0.223300	0.223300	0.223301	0.223301	0.223301	0.223301	0.223301	0.223302	0.223302	0.223304	0.223306	0.223310	0.223316	0.223327	0.223343	0.223370	0.223412	0.223477	0.223574	0.223718	0.223929	0.224234	0.224665	0.225268	0.226099	0.227230	0.228747	0.230758	0.233391	0.236799	0.241161	0.246687	0.253622	0.262249	0.272895	0.285941	0.301833	0.321093	0.344346	0.372333	0.405946	0.446242	0.494451	0.551926	0.620003	0.699681	0.791051	0.892493	1.000000	
0.000000	0.021115	0.041827	0.061946	0.081298	0.099735	0.117132	0.133396	0.148460	0.162286	0.174861	0.186196	0.196326	0.205300	0.213181	0.220046	0.225976	0.231055	0.235372	0.239011	0.242055	0.244581	0.246661	0.248361	0.249741	0.250852	0.251740	0.252445	0.253000	0.253435	0.253773	0.254034	0.254234	0.254386	0.254502	0.254588	0.254653	0.254701	0.254737	0.254763	0.254782	0.254795	0.254805	0.254812	0.254817	0.254821	0.254824	0.254825	0.254827	0.254827	0.254828	0.254828	0.254829	0.254829	0.254829	0.254829	0.254829	0.254830	0.254830	0.254831	0.254832	0.254835	0.254840	0.254847	0.254859	0.254879	0.254910	0.254958	0.255033	0.255145	0.255310	0.255552	0.255900	0.256392	0.257079	0.258023	0.259305	0.261021	0.263290	0.266253	0.270077	0.274957	0.281120	0.288824	0.298366	0.310083	0.324358	0.341628	0.362389	0.387210	0.416736	0.451700	0.492911	0.541229	0.597492	0.662371	0.736131	0.818282	0.907212	1.000000	
0.000000	0.023480	0.046518	0.068902	0.090440	0.110966	0.130341	0.148460	0.165249	0.180664	0.194690	0.207340	0.218649	0.228673	0.237481	0.245157	0.251791	0.257477	0.262312	0.266391	0.269804	0.272639	0.274975	0.276886	0.278437	0.279688	0.280688	0.281482	0.282109	0.282600	0.282982	0.283277	0.283503	0.283676	0.283807	0.283905	0.283979	0.284033	0.284074	0.284103	0.284125	0.284141	0.284152	0.284160	0.284166	0.284170	0.284173	0.284175	0.284176	0.284177	0.284178	0.284178	0.284178	0.284179	0.284179	0.284179	0.284179	0.284180	0.284180	0.284181	0.284183	0.284186	0.284191	0.284199	0.284213	0.284235	0.284271	0.284325	0.284409	0.284534	0.284720	0.284990	0.285377	0.285924	0.286686	0.287732	0.289149	0.291041	0.293537	0.296787	0.300971	0.306294	0.312993	0.321335	0.331623	0.344194	0.359421	0.377720	0.399547	0.425401	0.455825	0.491394	0.532698	0.580303	0.634673	0.696063	0.764348	0.838836	0.918108	1.000000	
0.000000	0.025645	0.050814	0.075276	0.098820	0.121265	0.142459	0.162286	0.180664	0.197544	0.212911	0.226775	0.239176	0.250172	0.259840	0.268270	0.275558	0.281810	0.287128	0.291617	0.295376	0.298500	0.301076	0.303184	0.304897	0.306278	0.307384	0.308264	0.308958	0.309502	0.309925	0.310253	0.310504	0.310696	0.310842	0.310951	0.311033	0.311094	0.311139	0.311172	0.311197	0.311214	0.311227	0.311236	0.311242	0.311247	0.311250	0.311252	0.311254	0.311255	0.311256	0.311256	0.311257	0.311257	0.311257	0.311257	0.311258	0.311258	0.311259	0.311260	0.311262	0.311265	0.311271	0.311280	0.311295	0.311320	0.311359	0.311419	0.311511	0.311649	0.311852	0.312148	0.312571	0.313167	0.313996	0.315132	0.316666	0.318711	0.321403	0.324899	0.329386	0.335079	0.342218	0.351076	0.361954	0.375182	0.391117	0.410146	0.432677	0.459140	0.489976	0.525623	0.566492	0.612924	0.665131	0.723114	0.786557	0.854730	0.926427	1.000000	
0.000000	0.027608	0.054713	0.081063	0.106432	0.130624	0.153475	0.174861	0.194690	0.212911	0.229504	0.244481	0.257883	0.269773	0.280231	0.289354	0.297247	0.304019	0.309784	0.314653	0.318732	0.322124	0.324923	0.327216	0.329079	0.330583	0.331788	0.332747	0.333504	0.334098	0.334560	0.334918	0.335194	0.335404	0.335563	0.335684	0.335774	0.335841	0.335890	0.335927	0.335953	0.335973	0.335987	0.335997	0.336004	0.336009	0.336012	0.336015	0.336017	0.336018	0.336019	0.336019	0.336020	0.336020	0.336020	0.336020	0.336021	0.336021	0.336022	0.336023	0.336025	0.336029	0.336035	0.336045	0.336062	0.336089	0.336131	0.336196	0.336296	0.336445	0.336664	0.336982	0.337437	0.338077	0.338964	0.340177	0.341813	0.343989	0.346845	0.350547	0.355285	0.361278	0.368771	0.378034	0.389363	0.403077	0.419514	0.439025	0.461975	0.488724	0.519625	0.555000	0.595120	0.640165	0.690179	0.745015	0.804273	0.867250	0.932924	1.000000	
0.000000	0.029374	0.058219	0.086270	0.113284	0.139053	0.163402	0.186196	0.207340	0.226775	0.244481	0.260470	0.274783	0.287486	0.298665	0.308421	0.316865	0.324115	0.330289	0.335506	0.339880	0.343519	0.346523	0.348985	0.350988	0.352605	0.353902	0.354934	0.355750	0.356390	0.356890	0.357276	0.357574	0.357801	0.357974	0.358104	0.358201	0.358274	0.358328	0.358368	0.358397	0.358418	0.358433	0.358444	0.358452	0.358457	0.358461	0.358464	0.358466	0.358467	0.358468	0.358469	0.358469	0.358469	0.358470	0.358470	0.358470	0.358471	0.358471	0.358473	0.358475	0.358479	0.358486	0.358497	0.358515	0.358544	0.358589	0.358659	0.358765	0.358923	0.359157	0.359495	0.359977	0.360654	0.361591	0.362870	0.364592	0.366877	0.369870	0.373740	0.378681	0.384913	0.392681	0.402252	0.413915	0.427972	0.444741	0.464541	0.487691	0.514492	0.545222	0.580110	0.619321	0.662921	0.710847	0.762868	0.818553	0.877248	0.938080	1.000000	
0.000000	0.030946	0.061345	0.090914	0.119398	0.146578	0.172268	0.196326	0.218649	0.239176	0.257883	0.274783	0.289917	0.303354	0.315184	0.325513	0.334458	0.342141	0.348687	0.354221	0.358863	0.362727	0.365920	0.368537	0.370667	0.372389	0.373770	0.374870	0.375740	0.376423	0.376956	0.377369	0.377687	0.377930	0.378115	0.378255	0.378359	0.378437	0.378495	0.378538	0.378569	0.378592	0.378608	0.378620	0.378628	0.378634	0.378639	0.378642	0.378644	0.378645	0.378646	0.378647	0.378647	0.378648	0.378648	0.378648	0.378649	0.378649	0.378650	0.378651	0.378654	0.378658	0.378665	0.378677	0.378696	0.378726	0.378774	0.378848	0.378960	0.379127	0.379373	0.379728	0.380233	0.380942	0.381921	0.383256	0.385048	0.387423	0.390527	0.394532	0.399633	0.406051	0.414027	0.423824	0.435721	0.450007	0.466975	0.486916	0.510107	0.536800	0.567210	0.601495	0.639739	0.681932	0.727942	0.777493	0.830151	0.885312	0.942221	1.000000	
0.000000	0.032335	0.064106	0.095018	0.124806	0.153237	0.180118	0.205300	0.228673	0.250172	0.269773	0.287486	0.303354	0.317449	0.329863	0.340707	0.350101	0.358173	0.365055	0.370875	0.375760	0.379828	0.383190	0.385949	0.388195	0.390011	0.391469	0.392631	0.393550	0.394273	0.394837	0.395274	0.395611	0.395869	0.396065	0.396214	0.396325	0.396408	0.396469	0.396515	0.396548	0.396572	0.396589	0.396602	0.396611	0.396617	0.396622	0.396625	0.396627	0.396629	0.396630	0.396631	0.396631	0.396632	0.396632	0.396632	0.396633	0.396633	0.396634	0.396636	0.396638	0.396643	0.396650	0.396663	0.396683	0.396715	0.396765	0.396842	0.396959	0.397134	0.397389	0.397759	0.398284	0.399019	0.400034	0.401414	0.403264	0.405711	0.408903	0.413014	0.418238	0.424795	0.432924	0.442880	0.454932	0.469355	0.486422	0.506395	0.529518	0.556000	0.586007	0.619640	0.656930	0.697809	0.742103	0.789517	0.839622	0.891865	0.945575	1.000000	
0.000000	0.033550	0.066524	0.098616	0.129548	0.159080	0.187010	0.213181	0.237481	0.259840	0.280231	0.298665	0.315184	0.329863	0.342797	0.354098	0.363893	0.372313	0.379495	0.385571	0.390673	0.394924	0.398440	0.401325	0.403676	0.405578	0.407105	0.408323	0.409287	0.410045	0.410638	0.411098	0.411452	0.411723	0.411930	0.412086	0.412203	0.412290	0.412355	0.412403	0.412438	0.412464	0.412482	0.412496	0.412505	0.412512	0.412517	0.412520	0.412523	0.412524	0.412526	0.412526	0.412527	0.412527	0.412528	0.412528	0.412528	0.412529	0.412530	0.412531	0.412534	0.412539	0.412547	0.412560	0.412581	0.412614	0.412666	0.412746	0.412868	0.413048	0.413313	0.413694	0.414235	0.414992	0.416036	0.417452	0.419349	0.421853	0.425114	0.429305	0.434622	0.441280	0.449515	0.459577	0.471723	0.486214	0.503306	0.523237	0.546221	0.572434	0.602000	0.634982	0.671367	0.711054	0.753841	0.799422	0.847385	0.897213	0.948306	1.000000	
0.000000	0.034605	0.068625	0.101742	0.133671	0.164163	0.193009	0.220046	0.245157	0.268270	0.289354	0.308421	0.325513	0.340707	0.354098	0.365804	0.375953	0.384682	0.392129	0.398433	0.403728	0.408142	0.411794	0.414793	0.417237	0.419216	0.420805	0.422073	0.423078	0.423869	0.424487	0.424967	0.425337	0.425620	0.425836	0.425999	0.426122	0.426213	0.426281	0.426332	0.426369	0.426395	0.426415	0.426429	0.426439	0.426446	0.426451	0.426455	0.426457	0.426459	0.426460	0.426461	0.426462	0.426462	0.426463	0.426463	0.426463	0.426464	0.426465	0.426467	0.426469	0.426474	0.426482	0.426496	0.426517	0.426552	0.426606	0.426688	0.426813	0.426999	0.427271	0.427662	0.428216	0.428991	0.430057	0.431503	0.433435	0.435983	0.439297	0.443548	0.448932	0.455661	0.463967	0.474092	0.486286	0.500796	0.517862	0.537702	0.560506	0.586421	0.615543	0.647904	0.683460	0.722086	0.763565	0.807589	0.853758	0.901591	0.950537	1.000000	
0.000000	0.035513	0.070433	0.104436	0.137226	0.168548	0.198188	0.225976	0.251791	0.275558	0.297247	0.316865	0.334458	0.350101	0.363893	0.375953	0.386413	0.395412	0.403093	0.409598	0.415064	0.419622	0.423394	0.426493	0.429021	0.431067	0.432712	0.434025	0.435066	0.435886	0.436527	0.437024	0.437408	0.437703	0.437927	0.438097	0.438225	0.438320	0.438391	0.438443	0.438482	0.438510	0.438530	0.438545	0.438555	0.438563	0.438568	0.438572	0.438575	0.438576	0.438578	0.438579	0.438579	0.438580	0.438580	0.438580	0.438581	0.438581	0.438582	0.438584	0.438587	0.438592	0.438600	0.438614	0.438637	0.438672	0.438727	0.438812	0.438940	0.439130	0.439407	0.439806	0.440371	0.441160	0.442244	0.443712	0.445673	0.448254	0.451606	0.455901	0.461331	0.468107	0.476455	0.486613	0.498821	0.513316	0.530322	0.550043	0.572647	0.598261	0.626957	0.658744	0.693557	0.731255	0.771612	0.814321	0.858995	0.905179	0.952364	1.000000	
0.000000	0.036288	0.071977	0.106737	0.140266	0.172301	0.202622	0.231055	0.257477	0.281810	0.304019	0.324115	0.342141	0.358173	0.372313	0.384682	0.395412	0.404648	0.412533	0.419212	0.424827	0.429512	0.433390	0.436578	0.439178	0.441285	0.442979	0.444332	0.445404	0.446249	0.446911	0.447424	0.447821	0.448125	0.448357	0.448533	0.448665	0.448764	0.448837	0.448891	0.448931	0.448960	0.448981	0.448997	0.449008	0.449015	0.449021	0.449025	0.449028	0.449030	0.449031	0.449032	0.449032	0.449033	0.449033	0.449034	0.449034	0.449035	0.449036	0.449038	0.449041	0.449046	0.449054	0.449068	0.449091	0.449127	0.449184	0.449270	0.449400	0.449594	0.449876	0.450281	0.450855	0.451654	0.452752	0.454238	0.456219	0.458825	0.462205	0.466530	0.471990	0.478795	0.487165	0.497333	0.509532	0.523989	0.540917	0.560504	0.582906	0.608229	0.636530	0.667800	0.701959	0.738855	0.778258	0.819863	0.863295	0.908121	0.953859	1.000000	
0.000000	0.036943	0.073285	0.108688	0.142844	0.175485	0.206387	0.235372	0.262312	0.287128	0.309784	0.330289	0.348687	0.365055	0.379495	0.392129	0.403093	0.412533	0.420594	0.427426	0.433171	0.437965	0.441936	0.445200	0.447865	0.450024	0.451761	0.453148	0.454249	0.455117	0.455796	0.456324	0.456732	0.457045	0.457283	0.457464	0.457600	0.457702	0.457778	0.457834	0.457875	0.457905	0.457927	0.457942	0.457954	0.457962	0.457968	0.457972	0.457975	0.457977	0.457978	0.457979	0.457980	0.457980	0.457980	0.457981	0.457981	0.457982	0.457983	0.457985	0.457988	0.457993	0.458002	0.458016	0.458039	0.458076	0.458134	0.458221	0.458353	0.458549	0.458835	0.459246	0.459826	0.460634	0.461742	0.463240	0.465237	0.467860	0.471260	0.475604	0.481083	0.487902	0.496280	0.506443	0.518618	0.533024	0.549864	0.569316	0.591521	0.616574	0.644518	0.675331	0.708923	0.745135	0.783733	0.824417	0.866822	0.910530	0.955084	1.000000	
0.000000	0.037493	0.074384	0.110328	0.145014	0.178167	0.209559	0.239011	0.266391	0.291617	0.314653	0.335506	0.354221	0.370875	0.385571	0.398433	0.409598	0.419212	0.427426	0.434388	0.440245	0.445134	0.449185	0.452516	0.455236	0.457440	0.459215	0.460633	0.461759	0.462646	0.463340	0.463881	0.464298	0.464619	0.464863	0.465049	0.465188	0.465293	0.465371	0.465428	0.465470	0.465501	0.465524	0.465540	0.465552	0.465560	0.465566	0.465570	0.465573	0.465575	0.465577	0.465578	0.465578	0.465579	0.465579	0.465580	0.465580	0.465581	0.465582	0.465584	0.465587	0.465592	0.465601	0.465616	0.465639	0.465676	0.465734	0.465823	0.465957	0.466155	0.466444	0.466858	0.467443	0.468257	0.469373	0.470881	0.472889	0.475524	0.478936	0.483292	0.488781	0.495606	0.503981	0.514129	0.526271	0.540619	0.557369	0.576690	0.598712	0.623522	0.651150	0.681565	0.714672	0.750305	0.788230	0.828150	0.869708	0.912499	0.956084	1.000000	
0.000000	0.037952	0.075300	0.111696	0.146824	0.180406	0.212211	0.242055	0.269804	0.295376	0.318732	0.339880	0.358863	0.375760	0.390673	0.403728	0.415064	0.424827	0.433171	0.440245	0.446197	0.451167	0.455287	0.458675	0.461443	0.463687	0.465494	0.466938	0.468085	0.468989	0.469697	0.470249	0.470675	0.471002	0.471251	0.471441	0.471583	0.471690	0.471770	0.471829	0.471872	0.471904	0.471927	0.471943	0.471955	0.471964	0.471970	0.471974	0.471977	0.471979	0.471981	0.471982	0.471983	0.471983	0.471984	0.471984	0.471984	0.471985	0.471986	0.471988	0.471991	0.471997	0.472006	0.472021	0.472044	0.472082	0.472141	0.472230	0.472365	0.472565	0.472856	0.473273	0.473862	0.474681	0.475802	0.477317	0.479332	0.481975	0.485394	0.489757	0.495250	0.502073	0.510439	0.520566	0.532671	0.546961	0.563624	0.582823	0.604680	0.629274	0.656626	0.686702	0.719397	0.754545	0.791911	0.831200	0.872063	0.914105	0.956899	1.000000	
0.000000	0.038330	0.076057	0.112828	0.148323	0.182262	0.214410	0.244581	0.272639	0.298500	0.322124	0.343519	0.362727	0.379828	0.394924	0.408142	0.419622	0.429512	0.437965	0.445134	0.451167	0.456207	0.460384	0.463822	0.466630	0.468908	0.470742	0.472209	0.473374	0.474293	0.475013	0.475574	0.476007	0.476340	0.476594	0.476787	0.476933	0.477042	0.477123	0.477183	0.477227	0.477259	0.477283	0.477300	0.477312	0.477321	0.477327	0.477331	0.477334	0.477337	0.477338	0.477339	0.477340	0.477340	0.477341	0.477341	0.477342	0.477342	0.477344	0.477345	0.477349	0.477354	0.477363	0.477378	0.477402	0.477440	0.477499	0.477590	0.477725	0.477926	0.478219	0.478638	0.479230	0.480052	0.481178	0.482696	0.484716	0.487364	0.490788	0.495153	0.500645	0.507463	0.515816	0.525920	0.537987	0.552220	0.568803	0.587891	0.609602	0.634008	0.661125	0.690912	0.723263	0.758007	0.794912	0.833683	0.873978	0.915410	0.957562	1.000000	
0.000000	0.038641	0.076679	0.113758	0.149556	0.183788	0.216220	0.246661	0.274975	0.301076	0.324923	0.346523	0.365920	0.383190	0.398440	0.411794	0.423394	0.433390	0.441936	0.449185	0.455287	0.460384	0.464611	0.468090	0.470933	0.473240	0.475097	0.476584	0.477764	0.478696	0.479426	0.479995	0.480434	0.480772	0.481030	0.481226	0.481374	0.481484	0.481567	0.481628	0.481673	0.481706	0.481730	0.481747	0.481760	0.481769	0.481775	0.481779	0.481783	0.481785	0.481786	0.481787	0.481788	0.481789	0.481789	0.481790	0.481790	0.481791	0.481792	0.481794	0.481797	0.481803	0.481812	0.481827	0.481851	0.481889	0.481949	0.482039	0.482176	0.482378	0.482671	0.483092	0.483686	0.484510	0.485639	0.487161	0.489183	0.491834	0.495259	0.499624	0.505113	0.511923	0.520261	0.530341	0.542372	0.556552	0.573063	0.592053	0.613638	0.637882	0.664800	0.694346	0.726410	0.760822	0.797348	0.835697	0.875531	0.916467	0.958099	1.000000	
0.000000	0.038893	0.077184	0.114515	0.150560	0.185034	0.217698	0.248361	0.276886	0.303184	0.327216	0.348985	0.368537	0.385949	0.401325	0.414793	0.426493	0.436578	0.445200	0.452516	0.458675	0.463822	0.468090	0.471604	0.474476	0.476807	0.478685	0.480187	0.481381	0.482323	0.483062	0.483637	0.484082	0.484425	0.484686	0.484884	0.485034	0.485146	0.485230	0.485292	0.485337	0.485371	0.485395	0.485413	0.485425	0.485435	0.485441	0.485446	0.485449	0.485451	0.485453	0.485454	0.485455	0.485455	0.485456	0.485456	0.485456	0.485457	0.485458	0.485460	0.485463	0.485469	0.485478	0.485493	0.485518	0.485556	0.485616	0.485707	0.485844	0.486046	0.486341	0.486763	0.487358	0.488184	0.489314	0.490838	0.492862	0.495514	0.498939	0.503302	0.508786	0.515587	0.523911	0.533967	0.545964	0.560098	0.576544	0.595450	0.616926	0.641035	0.667786	0.697131	0.728960	0.763099	0.799317	0.837324	0.876784	0.917321	0.958532	1.000000	
0.000000	0.039097	0.077593	0.115128	0.151374	0.186043	0.218896	0.249741	0.278437	0.304897	0.329079	0.350988	0.370667	0.388195	0.403676	0.417237	0.429021	0.439178	0.447865	0.455236	0.461443	0.466630	0.470933	0.474476	0.477373	0.479724	0.481618	0.483134	0.484339	0.485290	0.486036	0.486617	0.487067	0.487413	0.487677	0.487878	0.488029	0.488143	0.488227	0.488290	0.488336	0.488370	0.488395	0.488412	0.488425	0.488434	0.488441	0.488446	0.488449	0.488451	0.488453	0.488454	0.488455	0.488455	0.488456	0.488456	0.488457	0.488457	0.488459	0.488460	0.488464	0.488469	0.488479	0.488494	0.488518	0.488557	0.488617	0.488708	0.488845	0.489048	0.489344	0.489766	0.490362	0.491189	0.492321	0.493845	0.495870	0.498522	0.501946	0.506307	0.511785	0.518577	0.526886	0.536921	0.548888	0.562980	0.579371	0.598205	0.619590	0.643585	0.670198	0.699379	0.731015	0.764933	0.800901	0.838632	0.877791	0.918006	0.958880	1.000000	
0.000000	0.039260	0.077921	0.115620	0.152027	0.186855	0.219860	0.250852	0.279688	0.306278	0.330583	0.352605	0.372389	0.390011	0.405578	0.419216	0.431067	0.441285	0.450024	0.457440	0.463687	0.468908	0.473240	0.476807	0.479724	0.482091	0.483999	0.485527	0.486741	0.487700	0.488452	0.489038	0.489492	0.489840	0.490107	0.490309	0.490462	0.490577	0.490662	0.490726	0.490772	0.490807	0.490831	0.490850	0.490863	0.490872	0.490878	0.490883	0.490887	0.490889	0.490890	0.490892	0.490892	0.490893	0.490893	0.490894	0.490894	0.490895	0.490896	0.490898	0.490901	0.490907	0.490916	0.490932	0.490956	0.490995	0.491055	0.491146	0.491284	0.491487	0.491783	0.492206	0.492803	0.493630	0.494762	0.496287	0.498313	0.500964	0.504386	0.508744	0.514217	0.520999	0.529295	0.539311	0.551252	0.565308	0.581652	0.600426	0.621734	0.645636	0.672136	0.701182	0.732662	0.766402	0.802169	0.839678	0.878596	0.918555	0.959159	1.000000	
0.000000	0.039390	0.078182	0.116011	0.152548	0.187502	0.220631	0.251740	0.280688	0.307384	0.331788	0.353902	0.373770	0.391469	0.407105	0.420805	0.432712	0.442979	0.451761	0.459215	0.465494	0.470742	0.475097	0.478685	0.481618	0.483999	0.485919	0.487456	0.488678	0.489643	0.490400	0.490990	0.491447	0.491799	0.492067	0.492271	0.492425	0.492541	0.492627	0.492691	0.492738	0.492772	0.492798	0.492816	0.492829	0.492838	0.492845	0.492850	0.492853	0.492855	0.492857	0.492858	0.492859	0.492860	0.492860	0.492861	0.492861	0.492862	0.492863	0.492865	0.492868	0.492874	0.492883	0.492898	0.492923	0.492962	0.493022	0.493114	0.493251	0.493455	0.493751	0.494174	0.494771	0.495599	0.496732	0.498257	0.500282	0.502932	0.506353	0.510707	0.516174	0.522949	0.531233	0.541233	0.553150	0.567176	0.583480	0.602204	0.623450	0.647276	0.673684	0.702622	0.733976	0.767573	0.803179	0.840511	0.879238	0.918992	0.959381	1.000000	
0.000000	0.039493	0.078388	0.116321	0.152961	0.188016	0.221242	0.252445	0.281482	0.308264	0.332747	0.354934	0.374870	0.392631	0.408323	0.422073	0.434025	0.444332	0.453148	0.460633	0.466938	0.472209	0.476584	0.480187	0.483134	0.485527	0.487456	0.489001	0.490229	0.491200	0.491961	0.492554	0.493014	0.493367	0.493637	0.493843	0.493998	0.494114	0.494201	0.494265	0.494313	0.494347	0.494373	0.494391	0.494404	0.494414	0.494421	0.494425	0.494429	0.494431	0.494433	0.494434	0.494435	0.494435	0.494436	0.494436	0.494437	0.494438	0.494439	0.494441	0.494444	0.494450	0.494459	0.494474	0.494499	0.494538	0.494598	0.494690	0.494828	0.495031	0.495328	0.495751	0.496348	0.497177	0.498309	0.499834	0.501858	0.504507	0.507926	0.512277	0.517740	0.524507	0.532781	0.542766	0.554665	0.568666	0.584938	0.603620	0.624816	0.648579	0.674913	0.703764	0.735018	0.768501	0.803980	0.841172	0.879746	0.919338	0.959557	1.000000	
0.000000	0.039573	0.078550	0.116565	0.153285	0.188419	0.221723	0.253000	0.282109	0.308958	0.333504	0.355750	0.375740	0.393550	0.409287	0.423078	0.435066	0.445404	0.454249	0.461759	0.468085	0.473374	0.477764	0.481381	0.484339	0.486741	0.488678	0.490229	0.491463	0.492438	0.493202	0.493798	0.494260	0.494615	0.494887	0.495093	0.495249	0.495366	0.495453	0.495518	0.495566	0.495601	0.495626	0.495645	0.495658	0.495668	0.495675	0.495679	0.495683	0.495685	0.495687	0.495688	0.495689	0.495689	0.495690	0.495690	0.495691	0.495692	0.495693	0.495695	0.495698	0.495704	0.495713	0.495728	0.495753	0.495792	0.495852	0.495944	0.496082	0.496286	0.496582	0.497006	0.497603	0.498431	0.499563	0.501088	0.503112	0.505760	0.509177	0.513525	0.518984	0.525745	0.534010	0.543983	0.555866	0.569846	0.586091	0.604741	0.625895	0.649609	0.675884	0.704666	0.735840	0.769233	0.804611	0.841692	0.880147	0.919611	0.959696	1.000000	
0.000000	0.039636	0.078676	0.116754	0.153538	0.188735	0.222099	0.253435	0.282600	0.309502	0.334098	0.356390	0.376423	0.394273	0.410045	0.423869	0.435886	0.446249	0.455117	0.462646	0.468989	0.474293	0.478696	0.482323	0.485290	0.487700	0.489643	0.491200	0.492438	0.493416	0.494183	0.494781	0.495245	0.495601	0.495874	0.496081	0.496238	0.496356	0.496443	0.496508	0.496556	0.496591	0.496617	0.496636	0.496649	0.496659	0.496666	0.496670	0.496674	0.496676	0.496678	0.496679	0.496680	0.496681	0.496681	0.496681	0.496682	0.496683	0.496684	0.496686	0.496689	0.496695	0.496704	0.496720	0.496744	0.496783	0.496843	0.496935	0.497073	0.497277	0.497574	0.497997	0.498595	0.499423	0.500555	0.502079	0.504103	0.506750	0.510165	0.514510	0.519965	0.526721	0.534979	0.544943	0.556812	0.570775	0.586999	0.605622	0.626744	0.650418	0.676646	0.705374	0.736485	0.769807	0.805106	0.842101	0.880462	0.919826	0.959805	1.000000	
0.000000	0.039684	0.078774	0.116901	0.153734	0.188980	0.222391	0.253773	0.282982	0.309925	0.334560	0.356890	0.376956	0.394837	0.410638	0.424487	0.436527	0.446911	0.455796	0.463340	0.469697	0.475013	0.479426	0.483062	0.486036	0.488452	0.490400	0.491961	0.493202	0.494183	0.494953	0.495553	0.496018	0.496376	0.496649	0.496857	0.497014	0.497132	0.497220	0.497286	0.497334	0.497369	0.497395	0.497414	0.497427	0.497437	0.497444	0.497449	0.497452	0.497454	0.497456	0.497457	0.497458	0.497459	0.497459	0.497460	0.497460	0.497461	0.497462	0.497464	0.497467	0.497473	0.497482	0.497498	0.497522	0.497561	0.497622	0.497714	0.497852	0.498056	0.498352	0.498776	0.499373	0.500201	0.501333	0.502857	0.504880	0.507526	0.510940	0.515283	0.520735	0.527486	0.535738	0.545694	0.557553	0.571502	0.587709	0.606311	0.627407	0.651050	0.677242	0.705926	0.736989	0.770255	0.805492	0.842419	0.880707	0.919993	0.959891	1.000000	
0.000000	0.039721	0.078848	0.117015	0.153886	0.189168	0.222616	0.254034	0.283277	0.310253	0.334918	0.357276	0.377369	0.395274	0.411098	0.424967	0.437024	0.447424	0.456324	0.463881	0.470249	0.475574	0.479995	0.483637	0.486617	0.489038	0.490990	0.492554	0.493798	0.494781	0.495553	0.496154	0.496621	0.496979	0.497254	0.497462	0.497620	0.497738	0.497827	0.497892	0.497940	0.497976	0.498002	0.498021	0.498034	0.498044	0.498051	0.498056	0.498059	0.498062	0.498063	0.498064	0.498065	0.498066	0.498066	0.498067	0.498067	0.498068	0.498069	0.498071	0.498075	0.498080	0.498090	0.498105	0.498129	0.498168	0.498229	0.498321	0.498459	0.498663	0.498959	0.499383	0.499980	0.500808	0.501940	0.503464	0.505486	0.508131	0.511544	0.515885	0.521334	0.528082	0.536329	0.546279	0.558129	0.572068	0.588261	0.606846	0.627922	0.651541	0.677704	0.706355	0.737379	0.770602	0.805792	0.842666	0.880897	0.920123	0.959957	1.000000	
0.000000	0.039750	0.078906	0.117101	0.154001	0.189313	0.222789	0.254234	0.283503	0.310504	0.335194	0.357574	0.377687	0.395611	0.411452	0.425337	0.437408	0.447821	0.456732	0.464298	0.470675	0.476007	0.480434	0.484082	0.487067	0.489492	0.491447	0.493014	0.494260	0.495245	0.496018	0.496621	0.497088	0.497447	0.497722	0.497931	0.498089	0.498208	0.498296	0.498362	0.498411	0.498446	0.498472	0.498491	0.498504	0.498514	0.498521	0.498526	0.498530	0.498532	0.498534	0.498535	0.498536	0.498536	0.498537	0.498537	0.498538	0.498538	0.498540	0.498542	0.498545	0.498551	0.498560	0.498575	0.498600	0.498639	0.498699	0.498791	0.498929	0.499133	0.499430	0.499854	0.500451	0.501279	0.502410	0.503934	0.505955	0.508600	0.512011	0.516352	0.521798	0.528543	0.536787	0.546731	0.558575	0.572505	0.588688	0.607260	0.628319	0.651919	0.678060	0.706686	0.737681	0.770870	0.806023	0.842857	0.881044	0.920223	0.960008	1.000000	
0.000000	0.039771	0.078949	0.117166	0.154089	0.189423	0.222921	0.254386	0.283676	0.310696	0.335404	0.357801	0.377930	0.395869	0.411723	0.425620	0.437703	0.448125	0.457045	0.464619	0.471002	0.476340	0.480772	0.484425	0.487413	0.489840	0.491799	0.493367	0.494615	0.495601	0.496376	0.496979	0.497447	0.497807	0.498083	0.498292	0.498450	0.498569	0.498658	0.498724	0.498773	0.498808	0.498834	0.498853	0.498867	0.498876	0.498883	0.498888	0.498892	0.498894	0.498896	0.498897	0.498898	0.498899	0.498899	0.498900	0.498900	0.498901	0.498902	0.498904	0.498907	0.498913	0.498922	0.498938	0.498962	0.499001	0.499061	0.499154	0.499292	0.499496	0.499792	0.500216	0.500813	0.501641	0.502772	0.504295	0.506317	0.508961	0.512371	0.516710	0.522155	0.528898	0.537138	0.547078	0.558917	0.572841	0.589016	0.607577	0.628625	0.652210	0.678334	0.706939	0.737912	0.771076	0.806201	0.843004	0.881158	0.920301	0.960047	1.000000	
0.000000	0.039787	0.078982	0.117216	0.154155	0.189505	0.223020	0.254502	0.283807	0.310842	0.335563	0.357974	0.378115	0.396065	0.411930	0.425836	0.437927	0.448357	0.457283	0.464863	0.471251	0.476594	0.481030	0.484686	0.487677	0.490107	0.492067	0.493637	0.494887	0.495874	0.496649	0.497254	0.497722	0.498083	0.498359	0.498568	0.498727	0.498846	0.498935	0.499001	0.499049	0.499085	0.499111	0.499130	0.499144	0.499154	0.499161	0.499165	0.499169	0.499171	0.499173	0.499174	0.499175	0.499176	0.499176	0.499177	0.499177	0.499178	0.499179	0.499181	0.499184	0.499190	0.499200	0.499215	0.499240	0.499278	0.499339	0.499431	0.499569	0.499773	0.500069	0.500493	0.501090	0.501918	0.503049	0.504572	0.506593	0.509237	0.512647	0.516985	0.522428	0.529169	0.537407	0.547344	0.559179	0.573097	0.589266	0.607820	0.628858	0.652432	0.678543	0.707133	0.738088	0.771233	0.806336	0.843116	0.881244	0.920360	0.960078	1.000000	
0.000000	0.039799	0.079006	0.117253	0.154205	0.189568	0.223094	0.254588	0.283905	0.310951	0.335684	0.358104	0.378255	0.396214	0.412086	0.425999	0.438097	0.448533	0.457464	0.465049	0.471441	0.476787	0.481226	0.484884	0.487878	0.490309	0.492271	0.493843	0.495093	0.496081	0.496857	0.497462	0.497931	0.498292	0.498568	0.498778	0.498937	0.499056	0.499145	0.499211	0.499260	0.499296	0.499322	0.499341	0.499355	0.499364	0.499371	0.499376	0.499380	0.499382	0.499384	0.499385	0.499386	0.499387	0.499387	0.499388	0.499388	0.499389	0.499390	0.499392	0.499395	0.499401	0.499410	0.499426	0.499450	0.499489	0.499550	0.499642	0.499780	0.499984	0.500280	0.500704	0.501301	0.502129	0.503260	0.504783	0.506803	0.509446	0.512856	0.517193	0.522636	0.529375	0.537611	0.547546	0.559377	0.573292	0.589456	0.608004	0.629035	0.652600	0.678701	0.707280	0.738222	0.771352	0.806439	0.843201	0.881310	0.920405	0.960101	1.000000	
0.000000	0.039808	0.079024	0.117280	0.154242	0.189614	0.223150	0.254653	0.283979	0.311033	0.335774	0.358201	0.378359	0.396325	0.412203	0.426122	0.438225	0.448665	0.457600	0.465188	0.471583	0.476933	0.481374	0.485034	0.488029	0.490462	0.492425	0.493998	0.495249	0.496238	0.497014	0.497620	0.498089	0.498450	0.498727	0.498937	0.499096	0.499215	0.499304	0.499370	0.499419	0.499455	0.499481	0.499500	0.499514	0.499524	0.499531	0.499536	0.499539	0.499542	0.499543	0.499545	0.499545	0.499546	0.499546	0.499547	0.499547	0.499548	0.499549	0.499551	0.499555	0.499560	0.499570	0.499585	0.499610	0.499649	0.499709	0.499801	0.499939	0.500143	0.500439	0.500863	0.501460	0.502288	0.503419	0.504942	0.506962	0.509605	0.513014	0.517350	0.522793	0.529531	0.537765	0.547698	0.559527	0.573439	0.589599	0.608143	0.629168	0.652727	0.678820	0.707391	0.738323	0.771442	0.806517	0.843265	0.881359	0.920439	0.960118	1.000000	
0.000000	0.039815	0.079038	0.117301	0.154269	0.189648	0.223191	0.254701	0.284033	0.311094	0.335841	0.358274	0.378437	0.396408	0.412290	0.426213	0.438320	0.448764	0.457702	0.465293	0.471690	0.477042	0.481484	0.485146	0.488143	0.490577	0.492541	0.494114	0.495366	0.496356	0.497132	0.497738	0.498208	0.498569	0.498846	0.499056	0.499215	0.499335	0.499424	0.499490	0.499539	0.499575	0.499601	0.499620	0.499634	0.499643	0.499650	0.499655	0.499659	0.499661	0.499663	0.499664	0.499665	0.499666	0.499666	0.499667	0.499667	0.499668	0.499669	0.499671	0.499674	0.499680	0.499689	0.499705	0.499729	0.499768	0.499829	0.499921	0.500059	0.500263	0.500559	0.500983	0.501580	0.502407	0.503538	0.505061	0.507081	0.509724	0.513133	0.517469	0.522910	0.529648	0.537881	0.547812	0.559640	0.573549	0.589706	0.608247	0.629268	0.652823	0.678910	0.707474	0.738399	0.771510	0.806575	0.843313	0.881396	0.920464	0.960131	1.000000	
0.000000	0.039820	0.079047	0.117316	0.154289	0.189674	0.223222	0.254737	0.284074	0.311139	0.335890	0.358328	0.378495	0.396469	0.412355	0.426281	0.438391	0.448837	0.457778	0.465371	0.471770	0.477123	0.481567	0.485230	0.488227	0.490662	0.492627	0.494201	0.495453	0.496443	0.497220	0.497827	0.498296	0.498658	0.498935	0.499145	0.499304	0.499424	0.499513	0.499579	0.499628	0.499664	0.499690	0.499709	0.499723	0.499733	0.499740	0.499745	0.499748	0.499751	0.499752	0.499754	0.499754	0.499755	0.499756	0.499756	0.499757	0.499757	0.499758	0.499760	0.499764	0.499769	0.499779	0.499794	0.499819	0.499858	0.499918	0.500010	0.500148	0.500352	0.500648	0.501072	0.501669	0.502497	0.503628	0.505150	0.507170	0.509813	0.513221	0.517557	0.522998	0.529735	0.537967	0.547898	0.559724	0.573632	0.589787	0.608324	0.629343	0.652894	0.678977	0.707536	0.738456	0.771560	0.806619	0.843349	0.881424	0.920483	0.960141	1.000000	
0.000000	0.039823	0.079055	0.117327	0.154304	0.189692	0.223244	0.254763	0.284103	0.311172	0.335927	0.358368	0.378538	0.396515	0.412403	0.426332	0.438443	0.448891	0.457834	0.465428	0.471829	0.477183	0.481628	0.485292	0.488290	0.490726	0.492691	0.494265	0.495518	0.496508	0.497286	0.497892	0.498362	0.498724	0.499001	0.499211	0.499370	0.499490	0.499579	0.499646	0.499694	0.499730	0.499757	0.499776	0.499789	0.499799	0.499806	0.499811	0.499815	0.499817	0.499819	0.499820	0.499821	0.499821	0.499822	0.499822	0.499823	0.499824	0.499825	0.499827	0.499830	0.499836	0.499845	0.499861	0.499885	0.499924	0.499984	0.500076	0.500215	0.500419	0.500715	0.501139	0.501735	0.502563	0.503694	0.505216	0.507236	0.509879	0.513287	0.517622	0.523063	0.529800	0.538031	0.547961	0.559786	0.573693	0.589846	0.608382	0.629398	0.652946	0.679027	0.707583	0.738498	0.771598	0.806651	0.843376	0.881445	0.920498	0.960148	1.000000	
0.000000	0.039826	0.079060	0.117334	0.154315	0.189706	0.223260	0.254782	0.284125	0.311197	0.335953	0.358397	0.378569	0.396548	0.412438	0.426369	0.438482	0.448931	0.457875	0.465470	0.471872	0.477227	0.481673	0.485337	0.488336	0.490772	0.492738	0.494313	0.495566	0.496556	0.497334	0.497940	0.498411	0.498773	0.499049	0.499260	0.499419	0.499539	0.499628	0.499694	0.499743	0.499779	0.499805	0.499824	0.499838	0.499848	0.499855	0.499860	0.499864	0.499866	0.499868	0.499869	0.499870	0.499870	0.499871	0.499871	0.499872	0.499873	0.499874	0.499876	0.499879	0.499885	0.499894	0.499910	0.499934	0.499973	0.500033	0.500125	0.500264	0.500468	0.500764	0.501188	0.501784	0.502612	0.503743	0.505265	0.507285	0.509927	0.513336	0.517671	0.523111	0.529847	0.538079	0.548008	0.559832	0.573738	0.589890	0.608425	0.629439	0.652985	0.679063	0.707617	0.738529	0.771626	0.806675	0.843396	0.881461	0.920508	0.960154	1.000000	
0.000000	0.039827	0.079064	0.117340	0.154322	0.189715	0.223272	0.254795	0.284141	0.311214	0.335973	0.358418	0.378592	0.396572	0.412464	0.426395	0.438510	0.448960	0.457905	0.465501	0.471904	0.477259	0.481706	0.485371	0.488370	0.490807	0.492772	0.494347	0.495601	0.496591	0.497369	0.497976	0.498446	0.498808	0.499085	0.499296	0.499455	0.499575	0.499664	0.499730	0.499779	0.499815	0.499841	0.499860	0.499874	0.499884	0.499891	0.499896	0.499900	0.499902	0.499904	0.499905	0.499906	0.499906	0.499907	0.499907	0.499908	0.499909	0.499910	0.499912	0.499915	0.499921	0.499930	0.499946	0.499970	0.500009	0.500069	0.500161	0.500300	0.500503	0.500800	0.501223	0.501820	0.502648	0.503779	0.505301	0.507321	0.509963	0.513371	0.517706	0.523146	0.529882	0.538113	0.548042	0.559866	0.573771	0.589922	0.608456	0.629469	0.653014	0.679090	0.707642	0.738552	0.771646	0.806693	0.843411	0.881472	0.920516	0.960158	1.000000	
0.000000	0.039829	0.079066	0.117344	0.154328	0.189722	0.223281	0.254805	0.284152	0.311227	0.335987	0.358433	0.378608	0.396589	0.412482	0.426415	0.438530	0.448981	0.457927	0.465524	0.471927	0.477283	0.481730	0.485395	0.488395	0.490831	0.492798	0.494373	0.495626	0.496617	0.497395	0.498002	0.498472	0.498834	0.499111	0.499322	0.499481	0.499601	0.499690	0.499757	0.499805	0.499841	0.499868	0.499887	0.499900	0.499910	0.499917	0.499922	0.499926	0.499928	0.499930	0.499931	0.499932	0.499933	0.499933	0.499934	0.499934	0.499935	0.499936	0.499938	0.499941	0.499947	0.499956	0.499972	0.499996	0.500035	0.500096	0.500188	0.500326	0.500530	0.500826	0.501250	0.501846	0.502674	0.503805	0.505327	0.507347	0.509989	0.513397	0.517732	0.523172	0.529908	0.538139	0.548067	0.559890	0.573795	0.589946	0.608479	0.629491	0.653035	0.679110	0.707660	0.738568	0.771661	0.806706	0.843421	0.881480	0.920522	0.960161	1.000000	
0.000000	0.039830	0.079068	0.117347	0.154332	0.189727	0.223287	0.254812	0.284160	0.311236	0.335997	0.358444	0.378620	0.396602	0.412496	0.426429	0.438545	0.448997	0.457942	0.465540	0.471943	0.477300	0.481747	0.485413	0.488412	0.490850	0.492816	0.494391	0.495645	0.496636	0.497414	0.498021	0.498491	0.498853	0.499130	0.499341	0.499500	0.499620	0.499709	0.499776	0.499824	0.499860	0.499887	0.499906	0.499919	0.499929	0.499936	0.499941	0.499945	0.499947	0.499949	0.499950	0.499951	0.499952	0.499952	0.499953	0.499953	0.499954	0.499955	0.499957	0.499960	0.499966	0.499975	0.499991	0.500015	0.500054	0.500115	0.500207	0.500345	0.500549	0.500845	0.501269	0.501865	0.502693	0.503824	0.505346	0.507366	0.510008	0.513416	0.517751	0.523191	0.529926	0.538157	0.548085	0.559908	0.573812	0.589963	0.608495	0.629507	0.653050	0.679124	0.707673	0.738581	0.771672	0.806715	0.843429	0.881486	0.920526	0.960163	1.000000	
